 170 216 205  26 126 153 230 184 223 183  49  79 139 197  25  37
  97 180 122 209 154 250 227  23  13 146 131 104 117  57 212  23
 190  34 186 211 192  88 121 221 248 142 229 169  44  75  95  23
  99  76 134  71 210 249 231  84  86 153 208 157  46 143  94 181
 107 102 159 168 158 178 197 116 211 109 138 131  41  49 123 234
 209  49 154  68 234 120 231  90 247 151 207 160  39 233   7  28
  35  34  78 212 194  37  90 181 248  31 130  89 106 245  48  66
 234  94  80 230 175  23  28 199  25 162  73 248 133 116  66 193
 247  67 112 232 197 235 208  25  13 253  68 213 149  68 102 127
  13 144 146 166   9 247
